18-1
25,31,34,35,57,67

18-2
15,42,70,80

18-4
7,12,13,64,74

19-1
21,22,24,55,72

19-2
9,18

19-4
6,16,43,59,60,70

20-1
2,13,18,19,25,28,
33,41,44,67,79,80

20-3
5,7,16,20,32,38,
40,47,51,60,62,70

20-4
16,42,61,66,
69,70,72,74

21-1
8,9,13,19,21,38,39,42,
59,61,63,68,70,76,79

21-2
8,21,69

21-4
10,32,36,46,55,
64,66,76,77,79,80

22-1
7,8,9,43,44,64,78

22-2
16,22,37,53,61,73

22-4
2,8,16,17,19,28,30

23-1
1,54,60,73

23-2
13,15,24,47,66

23-4
18,48

24-1
16,24,25,26,29,31,
32,41,45,46,49

24-2
4,9,18,36,40,
56,71,74

24-3
26,37,46,49,50,54